113 3
150 3
143 3
145 3
107 3
141 3
126 3
135 3
91 3
100 3
36 3
259 1
0 1
1 0
2 0
3 1
4 0
5 0
6 0
7 0
8 0
9 1
10 1
11 1
12 0
14 1
15 1
16 1
17 0
18 0
19 0
21 1
22 1
23 0
24 1
25 0
26 0
27 0
29 0
31 1
32 1
33 1
34 0
35 0
37 1
38 1
39 1
40 1
41 3
43 0
45 0
46 1
47 1
51 1
52 1
53 1
55 1
56 1
57 1
58 1
60 0
63 2
65 0
66 0
67 0
68 1
69 1
70 0
71 0
72 0
73 0
74 0
75 0
76 0
78 1
79 0
80 1
81 0
83 0
85 0
86 0
87 1
88 0
89 0
90 1
92 1
95 1
96 1
97 0
98 1
99 1
101 0
102 0
104 1
105 1
106 1
108 0
109 0
110 1
111 1
112 1
114 0
117 1
118 1
119 1
120 0
121 0
122 0
123 0
124 3
127 0
128 1
132 1
134 0
136 0
140 1
142 0
144 0
152 3
154 3
155 0
156 0
157 0
158 0
159 0
161 1
163 1
164 1
165 1
166 1
167 1
168 0
169 0
170 0
171 0
172 0
173 0
174 0
175 0
176 0
177 0
178 0
179 0
181 1
182 1
183 1
184 0
185 0
186 0
187 0
190 0
191 0
192 0
193 0
194 0
195 0
196 0
197 0
198 0
199 0
200 0
201 1
204 1
205 1
206 0
207 0
208 0
209 1
212 3
213 1
214 1
216 1
217 0
218 3
219 1
221 2
222 0
223 0
224 0
225 1
226 0
228 0
229 1
233 0
234 0
235 0
236 0
237 0
238 1
239 1
241 1
242 1
245 1
246 1
248 1
249 1
251 1
252 1
254 1
255 1
256 1
258 1
260 1
261 1
262 1
263 1
77 0
139 0
148 0
125 0
48 0
61 0
202 3
133 3
129 0
137 1
244 1
257 1
264 1
265 1
189 0
231 1
